1 138
1 36
1 62
1 251
2 243
2 265
2 111
3 370
3 4
4 429
5 53
5 445
5 64
5 30
6 409
7 89
8 129
8 464
9 108
10 238
10 338
10 413
10 279
11 63
11 127
11 466
11 371
11 326
12 343
12 405
12 442
12 108
13 464
14 100
15 382
15 269
17 283
18 54
19 154
20 480
20 410
21 2
23 25
24 303
24 17
25 169
25 235
25 225
26 421
26 103
26 50
26 388
26 190
26 194
27 80
27 447
27 30
27 193
27 489
27 183
28 337
28 195
29 281
29 269
29 124
29 406
29 253
30 461
30 40
31 158
32 321
32 461
34 5
35 13
35 427
36 314
36 133
37 378
38 388
39 322
39 36
39 248
40 201
41 115
41 211
41 145
42 181
43 307
43 121
43 48
44 413
44 304
45 47
45 2
46 87
47 314
48 67
48 50
48 312
49 215
50 111
50 75
52 385
52 462
54 308
54 262
54 333
56 210
56 203
57 318
58 78
58 251
59 184
59 203
60 230
61 23
62 15
63 184
65 88
65 58
65 372
65 405
66 192
66 247
67 93
68 218
68 213
69 158
69 279
73 440
73 498
73 108
74 112
76 317
76 365
77 22
78 437
78 274
78 52
78 152
79 383
80 136
80 270
81 302
82 351
82 403
82 468
82 224
82 156
83 448
83 341
83 468
83 77
85 157
85 471
85 183
86 318
86 256
86 408
86 11
87 96
88 392
88 70
88 397
89 203
89 148
89 478
89 220
89 109
90 32
90 397
91 488
91 301
91 19
91 323
91 100
91 472
91 384
91 87
92 320
92 374
92 197
93 261
93 202
93 377
93 433
93 303
95 101
95 210
95 12
96 261
96 461
97 420
97 309
97 439
98 193
99 245
100 13
100 294
100 356
100 263
101 334
101 398
101 354
103 226
104 482
104 16
105 35
105 425
105 424
106 228
106 175
108 56
108 81
108 297
109 344
110 432
111 126
111 52
112 181
114 255
114 428
115 298
116 198
116 68
116 29
116 348
117 389
118 290
118 285
120 66
120 459
121 136
122 489
123 151
124 82
124 292
126 287
127 351
127 466
128 123
129 250
131 167
131 94
131 170
132 230
133 14
133 426
133 178
133 130
133 57
133 58
134 38
134 486
135 322
136 164
136 281
136 280
136 432
137 24
137 321
137 173
137 39
138 339
138 60
138 275
139 144
141 142
141 412
141 110
141 489
141 458
142 69
143 1
144 491
145 176
145 338
145 45
145 387
146 62
147 84
148 495
148 391
148 96
149 337
149 27
149 156
150 396
151 253
151 137
152 12
152 452
153 305
154 178
155 403
155 444
156 30
157 266
157 394
158 308
158 130
158 387
159 70
159 405
160 207
161 400
161 3
161 349
161 51
161 110
161 1
161 200
161 83
162 447
163 149
163 267
164 332
165 421
166 105
166 467
168 159
168 127
169 491
169 85
169 184
169 161
169 479
170 380
170 288
170 50
172 174
173 164
173 242
174 489
174 458
174 316
175 55
176 490
177 182
177 242
178 487
180 34
181 491
181 165
182 10
183 403
183 102
183 432
184 329
184 19
184 98
186 252
186 233
186 400
186 373
187 14
187 339
187 436
187 31
189 336
189 192
189 285
190 143
192 258
193 319
193 398
194 114
195 359
195 45
196 238
196 115
196 18
198 222
199 334
200 359
200 1
202 237
202 315
203 4
204 89
204 78
204 17
204 205
205 335
205 401
206 247
206 277
207 38
207 110
208 120
208 86
208 132
209 226
209 407
210 8
211 137
211 120
211 244
211 41
211 32
212 341
213 270
214 448
214 13
214 264
217 171
217 155
217 470
217 240
218 185
218 126
218 13
219 15
219 83
219 432
219 316
220 126
220 290
220 236
222 435
222 481
223 441
224 184
224 48
225 101
225 85
225 220
227 9
227 431
227 321
229 282
229 362
230 100
231 198
231 162
231 186
231 15
231 194
231 394
232 162
232 172
232 420
233 446
234 243
235 87
235 43
236 351
236 158
236 309
236 277
237 210
238 56
238 72
238 232
238 283
239 428
240 37
241 24
241 91
241 161
241 99
242 166
243 354
243 383
244 44
245 271
246 12
246 141
246 257
247 426
248 198
248 367
248 307
249 62
250 239
250 333
251 464
251 123
251 470
252 107
253 14
253 367
253 116
254 231
254 400
254 102
254 328
255 483
255 319
256 422
256 417
257 336
258 131
258 304
258 357
258 126
258 38
258 115
258 94
259 83
260 436
261 76
262 134
262 256
263 232
264 403
264 221
264 106
266 343
266 65
266 333
266 43
267 443
268 303
268 419
268 210
269 310
269 184
270 300
271 465
272 39
272 277
273 434
273 142
274 455
275 414
277 299
277 371
278 125
278 308
278 338
278 275
279 495
280 148
280 217
280 438
281 147
281 50
281 331
281 209
281 224
282 171
282 121
283 452
283 193
284 478
284 430
285 467
285 253
285 366
286 82
286 323
287 321
287 95
287 469
288 103
290 350
291 175
291 450
292 234
292 256
292 323
292 360
293 237
293 273
295 451
296 179
296 341
296 139
297 400
297 84
297 18
297 394
298 187
298 65
298 307
298 411
299 278
299 225
299 479
299 418
300 353
301 490
301 286
301 307
301 462
301 246
301 7
302 428
303 273
303 223
304 167
304 384
304 115
305 494
306 146
306 58
306 280
306 83
307 324
308 134
308 163
308 383
309 271
309 289
310 454
311 132
311 17
311 279
311 224
311 397
312 451
312 199
312 68
314 105
315 393
316 107
316 21
316 347
317 471
318 267
318 499
319 234
320 140
321 473
322 135
323 232
323 275
323 242
323 31
324 233
326 223
328 162
328 368
329 379
331 153
332 387
333 157
333 26
333 266
333 81
333 155
333 364
334 352
334 71
334 104
334 212
335 12
335 292
336 301
336 286
336 129
336 205
338 330
338 477
338 2
338 478
340 378
340 191
340 150
340 386
341 353
343 117
343 405
344 437
345 233
346 266
347 49
347 263
348 127
348 56
349 448
349 204
349 335
349 246
349 205
350 175
350 366
350 357
351 318
351 131
351 203
351 239
352 213
352 49
352 77
353 93
353 412
353 269
354 59
355 435
355 259
356 33
357 249
357 62
358 472
359 13
360 157
360 141
360 115
360 323
361 237
361 459
361 38
361 182
362 53
362 484
363 364
364 421
364 122
364 297
364 386
364 426
365 451
366 181
366 151
366 493
367 5
368 5
369 373
370 307
370 267
370 172
371 67
371 299
372 476
373 168
373 147
373 356
373 455
376 256
376 61
378 289
378 240
379 300
379 430
379 109
381 241
382 233
382 113
382 2
382 163
383 375
383 23
384 381
384 409
384 275
384 73
385 248
386 433
386 72
386 449
387 147
387 426
387 182
388 423
388 224
389 11
389 347
389 229
390 492
390 311
390 484
391 109
392 158
393 386
393 42
394 293
394 119
395 415
396 381
396 264
396 223
397 496
398 170
399 347
400 219
401 423
401 259
401 234
402 142
403 227
404 424
404 28
405 461
405 463
406 260
406 291
406 346
406 220
406 395
406 437
406 402
406 254
406 145
407 273
407 279
407 500
408 133
409 14
409 497
409 79
409 492
410 335
410 373
410 81
411 460
411 364
413 304
413 349
414 160
415 122
416 430
418 488
418 272
418 326
419 381
419 118
419 409
419 36
419 3
419 460
420 313
420 307
420 331
421 474
422 343
423 103
423 99
424 61
424 113
424 2
425 177
425 416
426 46
426 104
428 358
428 254
429 252
429 483
429 357
429 193
429 253
430 90
430 404
431 211
431 393
431 104
431 116
431 129
432 298
432 363
432 108
432 361
433 128
434 188
434 365
435 105
435 327
435 162
435 109
436 98
437 61
438 488
438 259
438 284
440 259
440 498
441 359
441 196
441 471
442 377
443 12
443 215
443 6
444 392
444 216
444 42
445 193
447 180
448 471
448 291
448 475
449 340
450 430
451 276
452 274
453 310
453 325
453 40
453 342
454 296
454 345
454 295
455 122
455 186
455 95
455 170
456 129
456 246
456 366
458 390
460 63
461 457
462 14
462 173
463 426
463 93
464 456
465 235
465 268
465 349
465 312
465 189
468 380
468 423
468 326
469 480
471 376
472 138
472 231
472 148
474 86
474 118
474 361
475 372
476 206
476 259
477 385
477 352
477 207
477 367
477 355
478 306
478 369
478 283
479 23
481 123
481 312
482 328
483 485
484 127
484 452
484 399
485 249
485 192
485 64
485 56
485 214
485 7
485 224
486 364
487 396
487 417
487 244
487 290
487 52
488 97
489 73
490 192
490 196
490 135
490 363
490 148
491 74
492 252
492 249
492 483
492 186
492 158
493 221
493 20
494 385
494 245
494 395
495 39
496 308
496 13
496 472
496 257
496 413
497 208
498 19
499 385
500 358
500 458
500 383
0 92
0 453
