437 61
77 22
454 296
454 345
353 93
353 412
353 269
283 452
283 193
477 352
477 385
477 207
477 367
477 355
109 344
63 184
63 460
341 353
37 378
324 233
475 372
287 321
287 95
287 469
245 271
123 151
154 178
90 397
90 32
434 188
434 365
253 367
253 14
463 426
463 93
254 231
254 400
254 102
254 328
73 498
73 440
73 108
406 260
406 291
406 346
406 220
406 395
406 437
406 402
406 145
406 254
358 472
291 175
291 450
264 221
264 403
264 106
438 488
438 259
438 284
4 429
385 248
407 273
407 279
407 500
227 431
227 9
227 321
321 473
272 39
272 277
9 501
9 108
386 433
386 72
386 449
114 428
114 255
430 90
430 404
366 151
366 181
366 493
80 136
80 270
80 502
191 503
155 217
155 403
155 444
42 181
246 257
246 12
246 141
244 44
259 83
262 134
262 256
359 13
57 318
332 387
284 478
284 430
497 208
393 504
393 42
393 386
159 70
159 405
387 147
387 426
387 182
239 428
390 492
390 311
390 484
350 175
350 366
350 357
271 465
431 211
431 393
431 129
431 104
152 12
152 452
169 491
169 85
169 161
169 184
169 479
7 89
303 273
303 505
303 223
128 123
348 127
348 56
198 222
305 494
419 381
419 409
419 36
419 460
419 3
414 160
352 49
352 213
352 77
202 237
202 93
202 315
47 314
173 164
173 242
281 147
281 331
281 209
281 224
183 403
183 102
183 432
275 414
31 506
31 158
498 19
490 192
490 507
490 135
490 363
490 148
15 382
15 269
378 289
378 240
363 364
485 249
485 192
485 64
485 56
485 214
485 7
485 224
165 421
21 2
255 483
255 319
20 410
20 480
481 123
488 97
383 375
209 226
209 407
317 508
317 471
211 137
211 120
211 244
211 41
211 32
373 168
373 147
373 356
373 509
373 455
357 249
357 62
365 451
354 59
241 24
241 161
241 91
241 99
213 270
213 510
361 237
361 459
361 38
361 182
181 491
181 165
129 250
224 184
224 48
237 210
458 390
145 176
145 338
145 45
145 387
139 144
166 105
166 467
372 476
311 132
311 17
311 279
311 397
311 224
108 56
108 81
108 297
36 314
36 133
168 159
168 127
81 302
443 12
443 215
443 6
290 350
409 497
409 79
409 492
409 14
482 328
299 278
299 418
299 479
413 304
413 349
422 343
307 324
306 146
306 280
306 58
306 83
62 15
11 63
11 127
11 371
11 326
126 287
0 92
0 453
160 207
300 353
302 428
19 154
400 219
214 448
214 13
214 264
133 426
133 130
133 178
133 57
133 58
133 14
261 76
483 485
89 203
89 148
89 220
89 478
89 109
367 5
404 424
404 28
356 33
451 276
435 105
435 162
435 327
435 109
456 129
456 366
456 246
318 267
318 499
432 298
432 363
432 108
432 361
210 8
441 359
441 471
444 392
444 216
444 42
138 511
138 60
138 275
138 339
56 210
56 203
79 383
99 245
117 389
104 482
104 16
381 241
78 274
78 437
78 52
78 152
35 427
35 13
418 488
418 272
418 326
127 351
218 13
218 126
218 185
142 69
308 134
308 163
308 383
148 495
148 391
148 96
38 512
38 388
161 400
161 349
161 3
161 51
161 110
161 1
161 200
161 83
336 301
336 286
336 129
336 205
189 336
189 192
189 285
163 149
163 267
48 67
158 308
158 130
158 387
120 459
285 467
285 253
285 366
212 341
106 228
106 175
136 164
136 281
136 280
136 432
235 87
351 318
351 131
351 513
351 203
351 239
14 100
453 310
453 325
453 40
453 342
146 62
229 282
229 362
144 491
304 167
304 115
187 436
187 14
187 339
187 31
256 422
256 417
398 170
39 322
39 36
39 248
405 463
135 322
376 61
376 256
232 162
232 172
232 420
40 201
172 174
93 261
93 202
93 377
93 433
93 303
263 232
86 318
86 256
86 408
86 11
315 393
236 351
236 158
236 277
236 309
2 243
2 265
2 45
164 332
298 187
298 65
298 411
298 307
206 247
206 277
388 423
388 224
460 63
3 514
3 4
3 370
260 436
391 109
323 232
323 275
323 242
323 31
500 515
500 358
500 383
500 458
362 53
362 484
132 208
52 385
52 462
33 516
347 49
347 263
238 56
238 232
238 72
238 283
85 157
85 183
85 471
32 321
199 334
392 158
410 335
410 373
410 81
274 455
474 86
474 361
415 122
369 373
103 226
433 128
496 308
496 13
496 257
496 472
496 413
297 400
297 84
297 18
297 394
280 217
280 148
280 438
124 82
124 292
205 335
205 401
270 300
248 198
248 367
248 307
195 359
195 45
322 135
193 319
193 398
273 434
273 142
273 303
170 380
170 288
190 143
222 435
222 481
472 138
472 231
472 148
207 517
207 38
207 110
219 518
219 15
219 83
219 316
219 432
288 103
5 53
5 445
5 64
5 30
25 235
25 169
147 84
162 447
162 232
382 233
382 113
382 2
382 163
462 14
462 173
389 11
389 347
389 229
314 105
314 519
442 520
442 377
6 409
26 421
26 103
26 388
26 194
26 190
240 37
252 107
394 293
394 119
394 521
157 266
157 394
355 435
355 259
401 234
401 259
401 423
494 385
494 245
494 395
493 221
493 20
395 415
268 210
268 419
268 303
268 522
182 10
399 347
49 215
423 103
423 99
484 127
484 452
484 399
46 87
266 65
266 343
499 385
74 112
364 426
364 421
364 122
364 297
364 386
204 89
204 78
204 17
204 205
149 337
149 27
149 156
445 193
486 364
469 480
176 490
257 336
30 40
343 117
343 405
340 378
340 191
340 386
45 2
45 47
45 195
429 252
429 483
429 523
429 357
429 193
429 253
231 162
231 198
231 15
231 186
231 194
231 394
186 252
186 233
186 400
186 373
194 114
269 184
269 310
44 413
44 304
28 337
28 195
326 223
416 430
249 62
371 67
371 299
447 27
447 180
408 133
92 320
92 374
92 197
420 313
420 307
420 331
83 468
83 341
83 448
83 77
203 4
82 351
82 403
82 468
82 224
82 156
360 157
360 141
360 115
360 323
115 298
156 30
58 78
17 283
175 55
465 235
465 268
465 349
465 189
301 286
301 490
301 307
301 462
301 7
301 246
87 96
200 359
200 1
489 73
338 330
338 477
338 2
338 478
316 21
316 347
316 107
27 80
27 447
27 30
27 193
27 489
27 183
349 204
349 448
349 335
349 205
349 246
59 184
59 203
105 35
105 425
105 424
91 301
91 488
91 100
91 472
91 19
91 87
91 323
476 206
476 259
69 158
69 279
448 471
448 291
448 475
309 524
309 289
309 271
478 306
478 369
478 283
242 525
242 166
141 142
141 412
141 489
141 110
141 458
440 259
440 498
449 340
452 274
424 61
424 113
424 2
234 243
319 234
345 454
345 233
112 181
134 38
134 486
65 88
65 58
65 372
65 405
217 171
217 155
217 470
217 240
296 179
296 341
296 139
8 129
8 464
282 171
282 526
282 121
247 426
267 443
95 101
95 12
95 210
278 308
278 125
278 338
278 275
450 430
98 193
153 305
12 343
12 442
12 405
12 108
110 432
368 5
334 352
334 71
334 212
334 104
402 142
122 489
258 131
258 304
258 357
258 115
258 126
258 38
258 94
276 527
121 136
121 528
177 242
177 182
293 237
293 273
346 529
346 266
464 456
426 46
426 104
137 24
137 321
137 39
137 173
310 454
379 109
379 430
379 300
292 256
292 234
292 360
292 323
100 13
100 294
100 356
100 263
370 307
370 267
370 172
10 238
10 338
10 413
10 279
192 258
335 292
335 12
243 354
243 383
495 39
41 115
41 211
41 145
208 120
208 86
208 132
492 252
492 249
492 483
492 186
492 158
320 140
215 443
223 441
223 326
24 303
24 17
411 460
411 364
68 218
68 213
436 98
151 253
151 137
96 261
88 392
88 70
88 397
67 93
331 153
178 487
143 1
13 464
329 379
329 530
279 495
487 417
487 244
487 290
487 52
328 162
328 531
328 368
403 227
76 317
76 365
425 177
425 416
60 532
455 122
455 95
455 186
455 170
131 167
131 94
131 170
286 82
286 323
220 126
220 236
220 290
1 138
1 36
1 62
397 496
421 474
101 354
101 334
101 398
468 380
468 423
468 326
97 309
97 420
471 376
277 299
277 371
491 74
344 437
250 239
184 329
184 19
184 98
174 489
174 316
174 458
428 358
428 254
